
$orca_opt_file

$trust
    0.300000000000

$epredict
    0.000000000000

$ediffsc
  1000.000000000000

$ctyp
  3

$coordinates
 2 6
  -5.52927447   2.50648054   0.00000000  -6.14027927   0.93248296   0.71359632

  -5.52854614   2.50835678  -0.00085062  -6.14100760   0.93060672   0.71444694


# redundant internal coordinates
#  nbonds nangles ndihedrals nimpropers ncartesians
# bond  definitions A B
# angle definitions A B C
# dihedral definitions A B C D
# improper torsion definitions A B C D
# cartesian definitions A x/y/z
$redundant_internals
 1 0 0 0 0
   1   0   0
$energies
 2
 -75.9356717040614768
 -75.9356766775432135

$gradients
 2 6
  -0.0007144632412869  -0.0018436739679057   0.0009479320890271   0.0007144632378450
   0.0018436739684076  -0.0009479320890263
  -0.0000161652688012  -0.0000411985535136   0.0001302463262903   0.0000161652671403
   0.0000411985545113  -0.0001302463262977

$redundant_coords
 2 1
   1.8330343498799122
   1.8374043916043861

$redundant_gradients
 2 1
  -0.0021903133823473
  -0.0000914695237832

$hessian_approx
 6 6
                  0          1          2          3          4          5    
      0       0.053164   0.137229  -0.062253  -0.053164  -0.137229   0.062253
      1       0.137229   0.354221  -0.160691  -0.137229  -0.354221   0.160691
      2      -0.062253  -0.160691   0.072896   0.062253   0.160691  -0.072896
      3      -0.053164  -0.137229   0.062253   0.053164   0.137229  -0.062253
      4      -0.137229  -0.354221   0.160691   0.137229   0.354221  -0.160691
      5       0.062253   0.160691  -0.072896  -0.062253  -0.160691   0.072896

$bmatrix
 1 6
                  0          1          2          3          4          5    
      0       0.333330   0.858684  -0.389298  -0.333330  -0.858684   0.389298

