
$orca_opt_file

$trust
    0.300000000000

$epredict
    0.000000000000

$ediffsc
  1000.000000000000

$ctyp
  3

$coordinates
 4 9
  -3.98222817 -17.02770145  -4.22080756  -2.14919382 -17.02770145  -4.22080756
  -4.59323296 -15.62065234  -5.22425207
  -3.99407944 -17.04139329  -4.21104315  -2.16559744 -17.00801199  -4.23484920
  -4.56497807 -15.62664996  -5.21997484
  -4.01001527 -17.05975540  -4.19794811  -2.17882468 -16.98663163  -4.25009671
  -4.53581500 -15.62966821  -5.21782236
  -4.00982766 -17.05952922  -4.19810941  -2.17762617 -16.98748593  -4.24948747
  -4.53720113 -15.62904009  -5.21827031

# redundant internal coordinates
#  nbonds nangles ndihedrals nimpropers ncartesians
# bond  definitions A B
# angle definitions A B C
# dihedral definitions A B C D
# improper torsion definitions A B C D
# cartesian definitions A x/y/z
$redundant_internals
 2 1 0 0 0
   1   0   0
   2   0   0
   1   0   2   0   0
$energies
 4
 -76.4728116180071282
 -76.4733056655167474
 -76.4735087090919308
 -76.4735095022486462

$gradients
 4 9
   0.0059606627632501   0.0069100012552849  -0.0049416113921972   0.0020541314615193
  -0.0063391070623770   0.0045285115035573  -0.0080147942256807  -0.0005708941897864
   0.0004130998876892
   0.0046921115110090   0.0054013119627876  -0.0038600293188882  -0.0011516797202104
  -0.0033838256569853   0.0024201014905351  -0.0035404317917048  -0.0020174863103480
   0.0014399278292034
   0.0002648682369976   0.0002928149550111  -0.0002036266931040  -0.0005741199109318
   0.0001104601851599  -0.0000761299891891   0.0003092516725023  -0.0004032751459801
   0.0002797566822643
   0.0000366914048261   0.0000416361842008  -0.0000248587721777  -0.0000498660569671
   0.0000029920041970   0.0000006567705967   0.0000131746517323  -0.0000446281952737
   0.0000242020005036

$redundant_coords
 4 3
   1.8330343499036141   1.8330343500505735   1.9106293854436904
   1.8289416322863825   1.8290344659336513   1.8658122840702365
   1.8333918192171128   1.8335098100559435   1.8126446607244269
   1.8343370031829613   1.8344345720721251   1.8141389425013654

$redundant_gradients
 4 3
   0.0020539636704504   0.0020073744363854   0.0142809876211262
  -0.0012455072464730  -0.0012488674339179   0.0075633496715019
  -0.0005682829269442  -0.0005574172933081  -0.0002911743652270
  -0.0000510785406166  -0.0000506780887698  -0.0000023762394609

$hessian_approx
 9 9
                  0          1          2          3          4          5    
      0       0.587732  -0.092675   0.065974  -0.494375  -0.030616   0.021870
      1      -0.092675   0.336322  -0.239987   0.007693  -0.035197   0.025142
      2       0.065974  -0.239987   0.171246  -0.005494   0.025207  -0.018007
      3      -0.494375   0.007693  -0.005494   0.500835  -0.005566   0.003980
      4      -0.030616  -0.035197   0.025207  -0.005566   0.029617  -0.021159
      5       0.021870   0.025142  -0.018007   0.003980  -0.021159   0.015117
      6      -0.093357   0.084983  -0.060479  -0.006461   0.036181  -0.025850
      7       0.123291  -0.301124   0.214779  -0.002127   0.005579  -0.003984
      8      -0.087844   0.214844  -0.153239   0.001514  -0.004048   0.002889
                  6          7          8    
      0      -0.093357   0.123291  -0.087844
      1       0.084983  -0.301124   0.214844
      2      -0.060479   0.214779  -0.153239
      3      -0.006461  -0.002127   0.001514
      4       0.036181   0.005579  -0.004048
      5      -0.025850  -0.003984   0.002889
      6       0.099818  -0.121163   0.086330
      7      -0.121163   0.295545  -0.210796
      8       0.086330  -0.210796   0.150348

$bmatrix
 3 9
                  0          1          2          3          4          5    
      0      -0.998836  -0.039275   0.028009   0.998836   0.039275  -0.028009
      1       0.287486  -0.779798   0.556117   0.000000   0.000000   0.000000
      2       0.495817   0.570926  -0.407159   0.026298  -0.443332   0.316165
                  6          7          8    
      0       0.000000   0.000000   0.000000
      1      -0.287486   0.779798  -0.556117
      2      -0.522115  -0.127593   0.090994

